1.5, -0.9434340680738376
2, -0.9339999221123141
2.5, -0.8428031778175868
2.5, -0.9025527689072361
3, -0.7484617182023523
3, -0.8176454552535248
3.5000000000000018, -0.6100942441000079
3.5000000000000018, -0.6604096892281333
3.5000000000000018, -0.7233039956382896
4.000000000000002, -0.5157527844847731
4.000000000000002, -0.5817918062154375
4.500000000000002, -0.553489368330867
5.000000000000002, -0.5786470908949297
5.5, -0.45285847807461654
5.5, -0.5251869304462966
6, -0.35222758781836605
6, -0.42141132486953814
6.5, -0.2704649894851625
6.5, -0.3333592958953191
7, -0.1320975153828181
7, -0.18241296051094325
7, -0.24845198224160758
7.5, 0.12576914089882374
7.5, 0.08174312641171433
7.5, 0.03142768128358897
7.5, -0.018887763844536165
7.5, -0.08807150089570848
8, 0.4087935197445284
8, 0.35847807461640313
8, 0.3081626294882779
8, 0.25784718436015264
8, 0.18866344730898055
8.500000000000004, 0.6477918841031233
8.500000000000004, 0.597476438974998
8.500000000000004, 0.5471609938468728
8.500000000000004, 0.49684554871874753
8.500000000000004, 0.44024067294960667
9.000000000000004, 0.8113170807695304
9.000000000000004, 0.7610016356414051
9.000000000000004, 0.6918178985902328
9.5, 0.7672910662824207
9.5, 0.7169756211542955
10, 0.6540813147441389
10, 0.6037658696160138
10, 0.5534504244878884
10, 0.5031349793597633
10.5, 0.4087935197445284
10.5, 0.35847807461640313
10.5, 0.3081626294882779
10.5, 0.25784718436015264
10.5, 0.2075317392320274
10.5, 0.15721629410390214
10.5, 0.09746670301425331
10.5, 0.034572396604096944
11, -0.006308902562504937
11, -0.056624347690630294
11, -0.10693979281875543
11, -0.15725523794688057
11, -0.20757068307500592
11.500000000000004, -0.24216255160059208
12.000000000000004, -0.22014954435703715
12.500000000000004, -0.1383869460238336
12.500000000000004, -0.19184710647246672
13.000000000000004, -0.11637393878027891
13.500000000000004, -0.11322922345977116
14.000000000000004, -0.12895280006231014
14.500000000000004, -0.1006503621777397
15.000000000000004, -0.06605849365215377
15.5, -0.047190201729106596
16, -0.03461134044707537
16.5, -0.059769063011138046
17, -0.0943609315367242
17.5, -0.10379507749824768
18, -0.10379507749824768
18.5, -0.09121621621621623
19, -0.078637354934185
19.5, -0.078637354934185
20, -0.08492678557520073
20.5, -0.09750564685723195
21, -0.11008450813926318
21.5, -0.0943609315367242
22.000000000000007, -0.07234792429316905
22.500000000000007, -0.08178207025469275
23, -0.09750564685723195
23.5, -0.0943609315367242
24, -0.09121621621621623
24.5, -0.13524223070332586
25, -0.20442596775449817
25.5, -0.21386011371602165
26, -0.2012812524339902
26.5, -0.18555767583145122
27, -0.16983409922891202
27.5, -0.16983409922891202
28, -0.16668938390840427
28.5, -0.13524223070332586
29, -0.10379507749824768
29.5, -0.11008450813926318
30, -0.11637393878027891
30.5, -0.1320975153828181
31, -0.1478210919853571
31.5, -0.14153166134434159
32.00000000000001, -0.14153166134434159
32.50000000000001, -0.15725523794688057
33.00000000000001, -0.22643897499805288
33.50000000000001, -0.23587312095957635
34.00000000000001, -0.2327284056390686
34.50000000000001, -0.2327284056390686
35.00000000000001, -0.2327284056390686
35.5, -0.2327284056390686
36, -0.22958369031856063
36.5, -0.18555767583145122
37, -0.14467637666484934
37.5, -0.12895280006231014
38, -0.11637393878027891
38.5, -0.0943609315367242
39, -0.078637354934185
39.5, -0.05033491704961457
40, -0.03461134044707537
40.5, -0.06605849365215377
41, -0.1006503621777397
41.5, -0.12580808474180238
42, -0.14467637666484934
42.5, -0.16354466858789607
43, -0.1792682451904355
43.5, -0.16354466858789607
44, -0.1478210919853571
44.5, -0.14153166134434159
45, -0.13524223070332586
45.5, -0.1478210919853571
46, -0.16039995326738854
46.5, -0.15096580730586506
47, -0.14153166134434159
47.5, -0.12895280006231014
48, -0.13524223070332586
48.50000000000001, -0.1478210919853571
49.00000000000001, -0.16668938390840427
49.50000000000001, -0.1792682451904355
50.00000000000001, -0.1792682451904355
50.50000000000001, -0.1383869460238336
51.00000000000001, -0.10693979281875543
51.50000000000001, -0.10379507749824768
52.00000000000001, -0.0943609315367242
52.50000000000001, -0.06920320897266152
53.00000000000001, -0.056624347690630294
53.5, -0.06605849365215377
54, -0.06291377833164558
54, -0.12580808474180238
54.5, -0.16983409922891202
54.5, -0.2012812524339902
54.5, -0.26103084352363903
55, -0.27675442012617824
55, -0.33650401121582685
55.5, -0.35222758781836605
56, -0.36480644910039706
56.5, -0.32706986525430337
57, -0.2924779967287172
57.5, -0.28933328140820946
58, -0.27360970480567004
58.5, -0.22329425967754513
59, -0.16668938390840427
59.5, -0.11008450813926318
60, 0.0754536957706986
60, 0.025138250642573468
60, -0.03775605576758312
60, -0.078637354934185
60.5, 0.3458992133343718
60.5, 0.29558376820624654
60.5, 0.2452683230781213
60.5, 0.19495287794999605
60.5, 0.12576914089882374
61, 0.4842666874367162
61, 0.43395124230859095
61, 0.36476750525741874
61.5, 0.3081626294882779
61.5, 0.25784718436015264
61.5, 0.2075317392320274
61.5, 0.15721629410390214
61.5, 0.08488784173222208
62, 0.03771711192460492
62, -0.02517719448555189
62.5, -0.047190201729106596
63, 0.03771711192460492
63, -0.028321909806059642
63.5, 0.1760845860269491
63.5, 0.12576914089882374
63.5, 0.06601954980917513
64, 0.36476750525741874
64, 0.3144520601292935
64, 0.26413661500116825
64, 0.20438702391151953
64.5, 0.616344730898045
64.5, 0.5660292857699197
64.5, 0.5157138406417945
64.5, 0.46539839551366924
64.5, 0.4056488044240205
65, 0.7358439130773424
65, 0.6855284679492172
65.5, 0.7012520445517563
66, 0.6635154607056624
66.5, 0.6352130228210919
66.5, 0.5817528623724588
67, 0.5628845704494119
67.5, 0.5565951398083963
68, 0.5628845704494119
68.5, 0.5565951398083963
69, 0.5503057091673806
69.5, 0.5440162785263649
70.00000000000001, 0.5345821325648414
70.50000000000001, 0.5157138406417945
71.00000000000001, 0.5031349793597633
71.50000000000001, 0.5125691253212867
72.00000000000001, 0.5345821325648414
72.00000000000001, 0.4779772567957007
72.50000000000001, 0.47168782615468485
72.50000000000001, 0.415082950385544
73.00000000000001, 0.4087935197445284
73.50000000000001, 0.43395124230859095
74.00000000000001, 0.4528195342316379
74.00000000000001, 0.38049108185995784
74.5, 0.3521886439753874
74.5, 0.27986019160370756
75, 0.24841303839862916
75.5, 0.2515577537191369
76, 0.25784718436015264
76.5, 0.24841303839862916
77, 0.24841303839862916
77.5, 0.26413661500116825
78, 0.2672813303216761
78.5, 0.2452683230781213
79, 0.22954474647558232
79.5, 0.2452683230781213
80, 0.2609918996806604
80.50000000000001, 0.27357076096269173
81, 0.2924390528857387
81.50000000000001, 0.3144520601292935
82, 0.32703092141132484
82, 0.26413661500116825
82.50000000000001, 0.22011060051405884
82.50000000000001, 0.18866344730898055
82.50000000000001, 0.12891385621933193
83, 0.08488784173222208
83.50000000000001, 0.06916426512968288
84, 0.08174312641171433
84.50000000000001, 0.11947971025780824
85, 0.1603610094244099
85.50000000000001, 0.16350572474491765
86, 0.16665044006542562
86.50000000000001, 0.16665044006542562
87, 0.16979515538593337
87.50000000000001, 0.1823740166679646
88, 0.19495287794999605
88.50000000000001, 0.1383480021808552
88.50000000000001, 0.07859841109120635
89, 0.04715125788612817
89.50000000000001, 0.05658540384765165
90, 0.06601954980917513
90.50000000000001, 0.0534406885271439
91, 0.04086182724511245
91.50000000000001, 0.0534406885271439
92, 0.06916426512968288
92.50000000000001, 0.09746670301425331
93, 0.12262442557831599
93.50000000000001, 0.12576914089882374
94, 0.13520328686034722
94.50000000000001, 0.15407157878339417
95, 0.1760845860269491
95.50000000000001, 0.18551873198847257
96, 0.1823740166679646
96, 0.12576914089882374
96.50000000000001, 0.10690084897577679
96.50000000000001, 0.050295973206635924
97, 0.034572396604096944
97.50000000000001, 0.03771711192460492
