0.9000000000000004, -0.26853177376428206
1.1999999999999993, -0.2578810369239062
1.5000000000000018, -0.2369021993611683
1.8000000000000007, -0.20795594946047613
2.0999999999999996, -0.18183817658601198
2.4000000000000004, -0.1521939441571145
2.700000000000001, -0.11902571731865585
3, -0.09099462990494578
3.299999999999999, -0.06610560941456256
3.5999999999999996, -0.04030464973268477
3.8999999999999986, -0.01871661094578858
4.199999999999999, -0.00724249777522501
4.5, 0.003099745623378114
4.800000000000001, 0.014102110155988279
5.099999999999998, 0.0199145539192791
5.399999999999999, 0.022144326741198705
5.699999999999999, 0.027552583749900883
5.9999999999999964, 0.038993215250347824
6.299999999999997, 0.06007508187129712
6.599999999999998, 0.08586656176908025
6.899999999999999, 0.10715763489363123
7.199999999999999, 0.12307508113807925
7.4999999999999964, 0.1373751813337289
7.799999999999997, 0.14449016056601055
8.099999999999998, 0.10637577164474399
8.399999999999999, 0.030025226755203693
8.7, -0.03287656533984096
9, -0.09229209803583593
9.3, -0.08863677751787324
9.600000000000001, -0.07673832650962642
9.900000000000002, -0.057544471663509955
10.200000000000003, -0.014380888377439338
10.500000000000004, 0.04795673604843842
10.800000000000008, 0.10889905241513104
11.100000000000001, 0.15300160481133684
11.400000000000006, 0.16012053607348326
11.700000000000006, 0.1646960482258653
12.000000000000007, 0.16403779859562573
12.300000000000008, 0.16053009845629707
12.600000000000012, 0.15594972950237124
12.90000000000001, 0.1516743169886265
13.20000000000001, 0.15849275243198235
13.50000000000001, 0.16506710463174662
13.800000000000011, 0.17992077826664615
14.100000000000012, 0.15852295998716387
14.40000000000001, 0.11361775852246409
14.700000000000014, 0.04595107318792635
15.000000000000014, 0.008497391434636792
15.300000000000015, 0.0021993947467597863
15.600000000000016, 0.026992942741196013
15.90000000000002, 0.04544132659819822
16.200000000000014, 0.042442878069273826
16.500000000000018, 0.020554300830518235
16.80000000000002, -0.004367492217765667
17.10000000000002, -0.016344218501220587
17.40000000000002, -0.008526945935072083
17.700000000000024, 0.005793850387860733
18.00000000000002, 0.0199632938087988
18.300000000000022, 0.03428195089152719
18.600000000000023, 0.04450835235930062
18.900000000000023, 0.051941589107292574
19.200000000000024, 0.06390153547025118
19.50000000000003, 0.07057778148300209
19.800000000000026, 0.0777238695536493
20.100000000000026, 0.07760057408774929
20.40000000000003, 0.07400448483181571
20.700000000000028, 0.062135661263219455
21.000000000000025, 0.053993051820363736
21.30000000000003, 0.061967563226429434
21.600000000000033, 0.07337753544190834
21.90000000000003, 0.08473339645683459
22.200000000000028, 0.10210505945510812
22.500000000000032, 0.11992329005105723
22.800000000000036, 0.14075129371938966
23.100000000000033, 0.15908501801686936
23.40000000000003, 0.17354778059189846
23.700000000000035, 0.1833017214678656
24.00000000000004, 0.18677803904867485
24.300000000000036, 0.1680822575432236
24.600000000000033, 0.1397685735249864
24.900000000000038, 0.11518628408524179
25.200000000000042, 0.11597831329999264
25.50000000000004, 0.13062301043267588
25.800000000000036, 0.14482154631911842
26.10000000000004, 0.1353398184499076
26.400000000000045, 0.10528376924461008
26.700000000000042, 0.06441390978732087
27.00000000000004, 0.04060841636979329
27.300000000000043, 0.04690497365991575
27.600000000000048, 0.06827271594546058
27.900000000000045, 0.08923216107998411
28.200000000000042, 0.08680424892709321
28.500000000000046, 0.07277510747528548
28.80000000000005, 0.06161469782590723
29.100000000000048, 0.06429046668087524
29.400000000000045, 0.08230776976283188
29.70000000000005, 0.10506137498307555
30.000000000000053, 0.12744213523633513
30.30000000000005, 0.14935810390479104
30.600000000000048, 0.1704463397423726
30.900000000000052, 0.18843880121395817
31.200000000000056, 0.1995413243588241
31.500000000000053, 0.20258862719526738
31.80000000000005, 0.2103386107201376
32.10000000000005, 0.14132505745490764
32.40000000000005, 0.04214266463781058
32.700000000000045, -0.0853754340224534
33.00000000000003, -0.16684326227686141
33.30000000000004, -0.17617177359280511
33.60000000000004, -0.1483069632498104
33.900000000000034, -0.12545541550556027
34.20000000000003, -0.10983360950837895
34.50000000000003, -0.10883429687588497
34.800000000000026, -0.10317158230977963
35.10000000000002, -0.09218534642274889
35.40000000000002, -0.07824696643686913
35.70000000000002, -0.05721012668661796
36.000000000000014, -0.04840937953589097
36.30000000000001, -0.06501389174265426
36.60000000000001, -0.08271894706907856
36.89999999999999, -0.09539634117598095
37.2, -0.08383439009712179
37.5, -0.0593793303059903
37.8, -0.03825991078161839
38.099999999999994, -0.013513070923582449
38.39999999999999, 0.01774519966036403
38.69999999999999, 0.04691457880026084
38.999999999999986, 0.07589257210434291
39.29999999999998, 0.09521789124259467
39.59999999999998, 0.12441704187382696
39.89999999999998, 0.13924852649269226
40.199999999999974, 0.13897595840804894
40.49999999999997, 0.12570412412968363
40.799999999999955, 0.11594879987576229
41.099999999999966, 0.10923559491419094
41.39999999999995, 0.11248528420590487
41.69999999999996, 0.11543778397474164
41.99999999999996, 0.11762979345530061
42.299999999999955, 0.10859528790614043
42.59999999999995, 0.10931948552811999
42.89999999999995, 0.10457754951309695
43.199999999999946, 0.11788848221265108
43.49999999999994, 0.13193011458428222
43.79999999999994, 0.14587717783415577
44.09999999999994, 0.1447498624689128
44.399999999999935, 0.1305516296852136
44.69999999999992, 0.11633556392477201
44.99999999999993, 0.11165986911347259
45.29999999999991, 0.12788269244221917
45.59999999999992, 0.14863553937369972
45.89999999999992, 0.15822869575011134
46.19999999999992, 0.1336635451074144
46.499999999999915, 0.09328560140964076
46.79999999999991, -0.021460682012380605
47.09999999999991, -0.3029196709603257
47.399999999999906, -0.7666478626176356
47.6999999999999, -1.2555234669636588
47.9999999999999, -1.4983701148925233
48.2999999999999, -1.3235766920836376
48.599999999999895, -1.035437379276785
48.89999999999989, -0.8379929603829483
49.199999999999875, -0.7023829494898277
49.499999999999886, -0.6692526692221243
49.79999999999988, -0.6372221927358372
50.09999999999988, -0.5982142128039227
50.39999999999988, -0.5522930701122533
50.699999999999875, -0.5043892773180347
50.99999999999987, -0.4662665961187946
51.29999999999987, -0.4339303424692449
51.599999999999866, -0.40535088635290883
51.899999999999864, -0.38032713252138106
52.19999999999986, -0.36100410290825347
52.49999999999986, -0.35145480709177546
52.799999999999855, -0.3416093863718117
53.09999999999985, -0.32700700234477476
53.39999999999985, -0.3130328388195287
53.69999999999985, -0.2923409613511925
53.999999999999844, -0.2651917921298139
54.29999999999984, -0.23168836238407708
54.59999999999984, -0.19195159720562005
54.899999999999835, -0.15684781265157366
55.19999999999983, -0.11369336761436777
55.49999999999983, -0.08075552353944049
55.79999999999983, -0.03825116258581429
56.099999999999824, -0.0031992366913685677
56.39999999999982, 0.024993342765313953
56.69999999999982, 0.05342496645589845
56.999999999999815, 0.0823645677652401
57.29999999999981, 0.09950198431868462
57.59999999999981, 0.11854685851888547
57.89999999999981, 0.1328978559621355
58.199999999999804, 0.11688195301030119
58.4999999999998, 0.0999911296157337
58.7999999999998, 0.07254367959587299
59.099999999999795, 0.04357259967938665
59.39999999999979, 0.008585178671379534
59.69999999999979, -0.03624253631634755
59.99999999999979, -0.061711294668525984
60.299999999999784, -0.05744878456484859
60.59999999999978, -0.04311832226146761
60.89999999999978, -0.029159181725082695
61.199999999999775, -0.00794380596531008
61.49999999999977, 0.015763229597283823
61.79999999999977, 0.0463995180365212
62.09999999999977, 0.05873082370608024
62.399999999999764, 0.054281690567671015
62.69999999999976, 0.05416484021410406
62.99999999999976, 0.05340659466954678
63.299999999999756, 0.06372968896462283
63.59999999999975, 0.07525158486003719
63.89999999999975, 0.08564766136637209
64.19999999999975, 0.0762518866401608
64.49999999999974, 0.04679154589613066
64.79999999999974, 0.017938881442763566
65.09999999999974, -0.0038020313457450827
65.39999999999974, -0.020510193960119327
65.69999999999973, -0.03478274828058159
65.99999999999973, -0.05123527411139306
66.29999999999973, -0.06788677988325131
66.59999999999972, -0.0890042419589856
66.89999999999972, -0.10710384202349321
67.19999999999972, -0.10163240960403763
67.49999999999972, -0.07405143389367475
67.79999999999971, -0.04562342309573608
68.09999999999971, -0.022845882610562307
68.39999999999971, -0.008785603541115572
68.6999999999997, -0.0029141046403924342
68.9999999999997, 0.0074160441939212784
69.2999999999997, 0.006984030057690438
69.5999999999997, 0.006919271847058428
69.8999999999997, 0.006919431727072767
70.19999999999969, -0.0033352938173257796
70.49999999999969, -0.017258946836401612
70.79999999999968, -0.03696953747640119
71.09999999999968, -0.03493999170551332
71.39999999999968, -0.01223627349535128
71.69999999999968, 0.016418512519347894
71.99999999999967, 0.039476791043390524
72.29999999999967, 0.038483489803850746
72.59999999999967, 0.02993949005268437
72.89999999999966, 0.026456136692114107
73.19999999999966, 0.015516215323441163
73.49999999999964, 0.009425777211341746
73.79999999999966, 0.003593105465170554
74.09999999999965, -0.0016266933575941334
74.39999999999965, -0.004977763308445238
74.69999999999966, -0.008870156577283184
74.99999999999964, -0.006652269541237432
75.29999999999964, 0.008628551316892663
75.59999999999964, 0.02560552707782615
75.89999999999965, 0.042865668453327954
76.19999999999963, 0.057106407831238604
76.49999999999963, 0.07132040025703029
76.79999999999961, 0.08591082659523142
77.09999999999962, 0.08779208283736023
77.39999999999962, 0.07303040019813462
77.69999999999962, 0.051400296602601925
77.99999999999963, 0.03881426236164809
78.29999999999961, 0.04406144373926146
78.59999999999961, 0.05580976184256964
78.89999999999961, 0.06272331164511763
79.19999999999962, 0.07335399388430969
79.4999999999996, 0.08728284518303714
79.7999999999996, 0.10112365764396258
80.0999999999996, 0.12090937432013205
80.3999999999996, 0.14235973454731976
80.69999999999959, 0.16729033875054083
80.99999999999959, 0.18637034132221947
81.29999999999957, 0.18407483894652
81.59999999999958, 0.17531032762697785
81.89999999999958, 0.16370562468338884
82.19999999999958, 0.15319410853297322
82.49999999999959, 0.13901077120101696
82.79999999999957, 0.12543031641363794
83.09999999999957, 0.10015062449649853
83.39999999999957, 0.06730265651238487
83.69999999999958, 0.02788276725852623
83.99999999999956, 0.0005037013552458003
84.29999999999956, 0.011172765546551333
84.59999999999954, 0.029551247862617647
84.89999999999955, 0.04804471629963758
85.19999999999955, 0.07305046493631184
85.49999999999955, 0.10131210248942812
85.79999999999953, 0.12643314130234035
86.09999999999954, 0.125745645480562
86.39999999999954, 0.09847299035841611
86.69999999999953, 0.06257657844569925
86.99999999999955, 0.04032112639052454
87.29999999999953, 0.03781256387246079
87.59999999999953, 0.04704435729892431
87.89999999999952, 0.045538982505561765
88.19999999999953, 0.026924460097186076
88.49999999999952, -0.0013513258290518415
88.79999999999951, -0.027452814851917196
89.0999999999995, -0.0444835217451377
89.39999999999951, -0.03211428771741953
89.6999999999995, -0.024628243481031653
89.9999999999995, -0.0004540178259737626
90.29999999999951, 0.03910916093020245
90.5999999999995, 0.0848364252057538
90.8999999999995, 0.1243438257001922
91.19999999999949, 0.14862963942521107
91.4999999999995, 0.15532866018584696
91.79999999999949, 0.16127601245090278
92.09999999999948, 0.16447736378769534
92.39999999999947, 0.16022443494807564
92.69999999999948, 0.15643310767695306
92.99999999999947, 0.15669244222044743
93.29999999999947, 0.1615181342219157
93.59999999999945, 0.1636428003284744
93.89999999999947, 0.16040130333912062
94.19999999999946, 0.12029558308051053
94.49999999999946, 0.06334952576902092
94.79999999999947, 0.010953628528366233
95.09999999999945, -0.021901923589563888
95.39999999999945, -0.019278284579795524
95.69999999999945, -0.016609448174797148
95.99999999999946, -0.006349144196102441
96.29999999999944, 0.014811326938506952
96.59999999999944, 0.038038243271630634
96.89999999999942, 0.05679292833211502
97.19999999999943, 0.05393716342777871
97.49999999999943, 0.0470911454518127
97.79999999999943, 0.04138332448866233
