1.5, -0.5558756088996706
2, -0.5554417306177086
2.5, -0.5996904594826256
3.0000000000000018, -0.6712321487348705
3.5000000000000018, -0.6971907299325371
4.000000000000002, -0.6885123716091481
4.500000000000002, -0.6384742076999088
5, -0.5135152987907241
5.5, -0.32446969004885196
6, -0.11943738216185862
6.500000000000002, -0.1023572416994023
7.000000000000002, -0.17435127662847094
7.500000000000002, -0.17537311612605722
8.000000000000002, -0.14103862214025709
8.500000000000002, -0.11683211744242117
9, -0.08049972701575969
9.5, -0.06079693719163659
10.000000000000004, -0.018630452611539727
10.5, -0.013100032251460725
11, 0.03212695409593369
11.500000000000004, 0.2989497331165585
12, 0.6093754354923009
12.500000000000004, 0.7445104267899274
13, 0.7904417058268969
13.500000000000004, 0.7943687699901383
14, 0.7645435664176508
14.500000000000004, 0.6271952662966944
15.000000000000004, 0.4976146253540654
15.5, 0.4491516603319612
16.000000000000004, 0.44805146786228045
16.5, 0.4400673896642382
17.000000000000004, 0.3411575909495541
17.5, -0.6844491533732184
18.000000000000004, -1.5021120600884972
18.500000000000004, -1.73207843790163
19, -1.7721567041249342
19.500000000000004, -1.7350238152642294
20, -1.6730577293975832
20.500000000000004, -1.5706486663141588
21, -1.431716407250379
21.500000000000004, -1.2723474741247394
22.000000000000004, -1.1589305815770246
22.500000000000004, -1.2140568925081388
23.000000000000004, -1.1993501035723417
23.5, -0.8936375792626432
24.000000000000004, -0.5996043949469301
24.5, -0.5637909465083224
25.000000000000004, -0.6052784331018022
25.500000000000004, -0.5921720138440572
26.00000000000001, -0.577154182891614
26.500000000000004, -0.5770885396673484
27.000000000000004, -0.5774088269995636
27.500000000000004, -0.5491626964444496
28.00000000000001, -0.5125280197188982
28.500000000000004, -0.4450544011096862
29.000000000000004, -0.2816455338545385
29.50000000000001, -0.0017769898988091448
30.00000000000001, 0.5467178939729282
30.500000000000004, 0.660064846693377
31.000000000000004, 0.6603774951216104
31.50000000000001, 0.6823507344254995
32, 0.6992401289358963
32.5, 0.7633624383200859
33.000000000000014, 0.8214672487710395
33.500000000000014, 0.846136034453083
34, 0.8366644969075634
34.500000000000014, 0.7555261748703623
35.000000000000014, 0.6389318174862222
35.5, 0.5130882299862884
36, 0.42118535942160396
36.500000000000014, 0.4644919110096337
37.000000000000014, 0.5049110220081348
37.5, 0.5052976500706805
38.000000000000014, 0.4879233739706197
38.500000000000014, 0.4378186892621878
39, 0.3834050960268178
39.5, 0.33438510097129015
40.000000000000014, 0.2995128619639402
40.500000000000014, 0.29952989993678525
41, 0.5909809999526723
41.500000000000014, 1.325966147307817
42.000000000000014, 1.8659124346465366
42.5, 1.7484990878829536
43, 1.593341483228746
43.500000000000014, 1.5721861502458228
44.000000000000014, 1.5420707311367208
44.5, 1.4222851269613657
45.000000000000014, 1.3319920462827788
45.500000000000014, 1.3246264205822016
46.000000000000014, 1.333736000114511
46.5, 1.4262065128725103
47.000000000000014, 0.9352370034898105
47.500000000000014, -0.5737130376456303
48, -1.9797199477773297
48.500000000000014, -2.1229721183068246
49.000000000000014, -2.129753825928539
49.500000000000014, -2.0383453969215486
50, -1.9839594898476882
50.500000000000014, -1.9912691271843848
51.000000000000014, -1.9979452330429517
51.5, -2.0108115464930734
52.000000000000014, -2.029816513940026
52.500000000000014, -2.0806755883788632
53.000000000000014, -2.0181325625610356
53.5, -1.634542802845334
54.000000000000014, -1.303327387219868
54.500000000000014, -1.2041095998569498
55, -1.1638344239210117
55.500000000000014, -1.1846150705365996
56.000000000000014, -1.2062488738500896
56.500000000000014, -1.2111015899572495
57, -1.2058219738307088
57.5, -1.1856064173416883
58.000000000000014, -1.1944175941253956
58.5, -1.271367057198896
59, -1.1758657228102223
59.5, -0.8360363748492681
60.000000000000014, -0.5277708706473758
60.5, 0.016110349653600142
61.000000000000014, 0.25243959410572137
61.500000000000014, 0.23894611109040564
62, 0.1874367098993064
62.500000000000014, 0.08359042449527454
63, 0.016572700348243874
63.5, -0.031425670218773405
64.00000000000001, -0.11701759859317962
64.5, -0.22654777474455345
65, -0.2871039283389165
65.50000000000001, -0.2736093278072591
66, -0.2733350363992164
66.5, 0.03814531151907108
67.00000000000001, 0.18552838039942898
67.5, 0.2045111182449708
68.00000000000001, 0.2425785526495754
68.50000000000001, 0.3281517764435189
69, 0.3926069788442961
69.50000000000001, 0.41388607648287046
70, 0.4129613197965809
70.5, 0.35889567633636554
71.00000000000001, 0.3281921273555799
71.5, 0.32108191429736443
72, 0.2843059040432938
72.50000000000001, 0.22028868511240685
73, 0.2071705851414496
73.50000000000001, 0.22123791437789997
74.00000000000001, 0.22123778040925757
74.5, 0.22137382666439764
75.00000000000001, 0.22166194255370986
75.50000000000001, 0.22747575043060841
76, 0.2776281658615529
76.50000000000001, 0.35131581360664965
77, 0.46888708764321274
77.5, 0.6318075010721529
78.00000000000001, 0.7308486967432906
78.5, 0.7835079512654541
79, 0.8293102777074002
79.50000000000001, 0.8516805932108262
80, 1.0219404402759005
80.50000000000001, 1.36634846378802
81.00000000000001, 1.4246243988660914
81.5, 1.4235957335225449
82.00000000000001, 1.4227703809325327
82.50000000000001, 1.4354153920947033
83, 1.3266682902715998
83.50000000000001, 1.1449356637366361
84, 1.3371700640371742
84.5, 1.939768104306976
85.00000000000001, 2.124107348722925
85.5, 2.074787549831098
86.00000000000001, 2.087048333532653
86.50000000000001, 2.128894797549828
87, 2.0750993100767596
87.50000000000001, 1.959066257262301
88.00000000000001, 1.8770800804785186
88.5, 1.8235362746004127
89.00000000000001, 1.6342662069200538
89.50000000000001, 1.366841691442783
90, 0.5099369027832155
90.50000000000001, -0.7046119259028845
91, -1.0658643767294045
91.5, -0.9896977516149352
92.00000000000001, -0.9517582681892174
92.5, -0.9521053260757366
93.00000000000001, -0.9166848666415914
93.50000000000001, -0.8713192099722757
94, -0.8297804351545768
94.50000000000001, -0.7959384537184508
95.00000000000001, -0.7262492534286911
95.5, -0.5695939936071195
96.00000000000001, -0.2575991423768458
96.50000000000001, 0.1252178142110787
97, 0.47602153455963014
97.50000000000001, 0.6774102406792042
