1.5, 0.1823740166679646
2, 0.17922930134745707
2.5, 0.15407157878339417
3, 0.12576914089882374
3.5000000000000018, 0.12891385621933193
4.000000000000002, 0.15092686346288642
4.500000000000002, 0.213821169873043
5.000000000000002, 0.2830049069242152
5.5, 0.2515577537191369
6, 0.20124230859101166
6.5, 0.15407157878339417
7, 0.10690084897577679
7.5, 0.0911772723732378
8, 0.08488784173222208
8.500000000000004, 0.06287483448866737
9.000000000000004, 0.04400654256562042
9.5, 0.034572396604096944
10, 0.03142768128358897
10.5, 0.06287483448866737
11, 0.09746670301425331
11.500000000000004, 0.034572396604096944
12.000000000000004, -0.04090077108809109
12.500000000000004, -0.006308902562504937
13.000000000000004, 0.0534406885271439
13.500000000000004, 0.07859841109120635
14.000000000000004, 0.09432198769374556
14.500000000000004, 0.12891385621933193
15.000000000000004, 0.16665044006542562
15.5, 0.16979515538593337
16, 0.15092686346288642
16.5, 0.12262442557831599
17, 0.09432198769374556
17.5, 0.07859841109120635
18, 0.07230898045019085
18.5, 0.06916426512968288
19, 0.07230898045019085
19.5, 0.06287483448866737
20, 0.04400654256562042
20.5, 0.034572396604096944
21, 0.03142768128358897
21.5, 0.02828296596308144
22.000000000000007, 0.02828296596308144
22.500000000000007, 0.0754536957706986
23, 0.12891385621933193
23.5, 0.12576914089882374
24, 0.10061141833476128
24.5, 0.09746670301425331
25, 0.09746670301425331
25.5, 0.08488784173222208
26, 0.0754536957706986
26.5, 0.10690084897577679
27, 0.13205857153983946
27.5, 0.11633499493730026
28, 0.08488784173222208
28.5, 0.0597301191681594
29, 0.03771711192460492
29.5, 0.02828296596308144
30, 0.01570410468104999
30.5, 0.03771711192460492
31, 0.04715125788612817
31.5, 0.02828296596308144
32.00000000000001, 0.009414674040034043
32.50000000000001, 0.03771711192460492
33.00000000000001, 0.06916426512968288
33.50000000000001, 0.04715125788612817
34.00000000000001, 0.025138250642573468
34.50000000000001, 0.034572396604096944
35.00000000000001, 0.04715125788612817
35.5, 0.04086182724511245
36, 0.02828296596308144
36.5, 0.03142768128358897
37, 0.034572396604096944
37.5, 0.02828296596308144
38, 0.018848820001557742
38.5, -0.018887763844536165
39, -0.059769063011138046
39.5, -0.07234792429316905
40, -0.06605849365215377
40.5, -0.018887763844536165
41, 0.03142768128358897
41.5, 0.0534406885271439
42, 0.05658540384765165
42.5, 0.02828296596308144
43, -0.006308902562504937
43.5, -0.02203247916504414
44, -0.02203247916504414
44.5, 0.018848820001557742
45, 0.0597301191681594
45.5, 0.034572396604096944
46, -0.006308902562504937
46.5, -0.04090077108809109
47, -0.07234792429316905
47.5, -0.1006503621777397
48, -0.11322922345977116
48.50000000000001, -0.04090077108809109
49.00000000000001, -0.003164187241997185
49.50000000000001, -0.009453617883012688
50.00000000000001, -0.012598333203520662
50.50000000000001, 0.009414674040034043
51.00000000000001, 0.021993535322065494
51.50000000000001, 0.006269958719526514
52.00000000000001, -0.009453617883012688
52.50000000000001, -0.003164187241997185
53.00000000000001, -0.003164187241997185
53.5, -0.003164187241997185
54, -0.015743048524028413
54.5, -0.05033491704961457
55, -0.08178207025469275
55.5, -0.09121621621621623
56, -0.08807150089570848
56.5, -0.06920320897266152
57, -0.059769063011138046
57.5, -0.06920320897266152
58, -0.07234792429316905
58.5, -0.031466625126567616
59, 0.006269958719526514
59.5, -0.028321909806059642
60, -0.06291377833164558
60.5, -0.05033491704961457
61, -0.03461134044707537
61.5, -0.04090077108809109
62, -0.06920320897266152
62.5, -0.15411052262637281
63, -0.22958369031856063
63.5, -0.15725523794688057
64, -0.08807150089570848
64.5, -0.10379507749824768
65, -0.12580808474180238
65.5, -0.13524223070332586
66, -0.13524223070332586
66.5, -0.09750564685723195
67, -0.056624347690630294
67.5, -0.031466625126567616
68, -0.012598333203520662
68.5, -0.003164187241997185
69, 0.00312524339901854
69.5, -0.018887763844536165
70.00000000000001, -0.02203247916504414
70.50000000000001, 0.025138250642573468
71.00000000000001, 0.06916426512968288
71.50000000000001, 0.06287483448866737
72.00000000000001, 0.006269958719526514
72.50000000000001, -0.08178207025469275
73.00000000000001, -0.12895280006231014
73.50000000000001, -0.12266336942129463
74.00000000000001, -0.0943609315367242
74.5, -0.047190201729106596
75, -0.02203247916504414
75.5, -0.031466625126567616
76, -0.03461134044707537
76.5, -0.012598333203520662
77, 0.00312524339901854
77.5, -0.003164187241997185
78, -0.003164187241997185
78.5, 0.00312524339901854
79, 0.00312524339901854
79.5, 0.00312524339901854
80, -0.02517719448555189
80.50000000000001, -0.10693979281875543
81, -0.1792682451904355
81.50000000000001, -0.19813653711348245
82, -0.18555767583145122
82.50000000000001, -0.13524223070332586
83, -0.09750564685723195
83.50000000000001, -0.10379507749824768
84, -0.11008450813926318
84.50000000000001, -0.12580808474180238
85, -0.1383869460238336
85.50000000000001, -0.1478210919853571
86, -0.14153166134434159
86.50000000000001, -0.0943609315367242
87, -0.05033491704961457
87.50000000000001, -0.047190201729106596
88, -0.06920320897266152
88.50000000000001, -0.12895280006231014
89, -0.19184710647246672
89.50000000000001, -0.23587312095957635
90, -0.24216255160059208
90.50000000000001, -0.1478210919853571
91, -0.06291377833164558
91.50000000000001, -0.031466625126567616
92, -0.02517719448555189
92.50000000000001, -0.047190201729106596
93, -0.07549263961367725
93.50000000000001, -0.0943609315367242
94, -0.09750564685723195
94.50000000000001, -0.06291377833164558
95, -0.03461134044707537
95.50000000000001, -0.047190201729106596
96, -0.047190201729106596
96.50000000000001, -0.03461134044707537
97, -0.03775605576758312
97.50000000000001, -0.05347963237012232
