2, -0.9914767950069154
3, -0.9504546680985104
4.000000000000002, -0.970774505660394
5, -1.1207511775418664
6.0000000000000036, -1.0925506220650005
7, -0.9874958456542577
8, -1.0206172440341352
9, -1.1667908173969272
10, -1.1442878479724632
11, -0.9448713317735624
12, -0.9079018092169195
13.000000000000004, -0.9207753220208992
14.000000000000004, -0.9426945523555648
15, -1.015634315208085
16, -0.9782211504293379
17, -0.8639056929497722
18, -0.7061694888532593
19, -0.6081429837354211
20, -0.5491872602843424
20.999999999999996, -0.5189890241262662
21.999999999999996, -0.3225699862804805
22.999999999999996, 0.15910593851583021
24.000000000000004, 0.24918908213268742
25.000000000000004, 0.15953316441047738
26.000000000000004, 0.20747771832204043
26.999999999999996, 0.2584029453982628
27.999999999999996, 0.1863925613066979
28.999999999999996, -0.1928324379943347
29.999999999999996, -0.15506048009043094
30.999999999999996, -0.06913576554049183
31.999999999999996, -0.11012121638275674
33, -0.22794026267569123
34, -0.36060769848780305
36, -0.950008518782782
37, -0.9556481062611248
39, -0.945574362654793
40, -0.9278115906570386
42, -0.33399011499121123
43, -0.17526602039006867
44, -0.08416908779035892
45, -0.09979875617374301
46, -0.027722188958516858
47, 0.07948746451440836
48, 0.5664956735474613
49, 0.5789618010949069
50, 0.6070736500320988
51, 0.761295580448492
52, 0.7434732850743795
53, 0.7724777153508586
54, 0.9730194639012911
55, 0.974829145032843
56, 1.0007485118406794
57, 1.0491818036119716
58, 1.0931728399137781
59, 0.972491474924831
60, 0.6913156377155126
61.000000000000014, 0.7066793046904677
62.000000000000014, 0.7478880977351263
63.000000000000014, 0.6853661781892056
64.00000000000001, 0.6890140635601338
65.00000000000001, 0.624453875447196
66.00000000000001, 0.43864217396762517
67, 0.4658879244366403
68, 0.46067024589474936
69, 0.41798570371536425
70, 0.39449969509686333
71, 0.34776764311890895
72, 0.35332996466400446
73, 0.3617068189312589
74, 0.3381115931555725
75, 0.29264007036739614
76, 0.26778608151676253
77, 0.24300397016190467
78, 0.13736793818057258
79, 0.09831189189548706
80, 0.13231483261526567
81, 0.15576202185749843
82, 0.1833464574033037
83, 0.16857623337300454
84, 0.35504978426664424
85, 0.407824431746284
86, 0.42818870374039397
87, 0.46541001493272227
88, 0.4822305971215124
89, 0.4673029896789571
90, 0.8880689175803707
91.00000000000001, 1.0822924315875002
92.00000000000001, 1.1179999490878831
93.00000000000001, 1.1087470268976314
94.00000000000001, 1.1745628671528983
95.00000000000001, 0.9265886906811639
97.00000000000001, -0.4889603789252863
95.98253275109171, -0.5
97.90393013100437, -0.5523809523809526
95.54585152838429, 0.16666666666666652
34.759825327510924, -0.9047619047619047
37.90393013100437, -0.9142857142857146
40.96069868995633, -0.9095238095238098
41.39737991266375, -0.6000000000000001
0.960698689956331, -0.9952380952380953
