1, -0.28826335163059813
1.5000000000000018, -0.28422644305220623
2, -0.26038054215379214
2.5, -0.19325021558020816
3, -0.13826143957769554
3.5000000000000018, -0.11099203448757933
4, -0.09502099045133172
4.5, -0.05146469809434939
5, -0.008519151767364952
5.5, 0.007135221887400345
6, 0.006715421091606055
6.5, -0.02552486576611579
7, -0.0720040455750579
7.5, -0.06772168574212678
8, -0.06388859629145438
8.5, -0.06771737183245508
9, -0.06150033270213451
9.5, -0.038774867802878865
10, -0.0014474634653585117
10.5, 0.054833972652548024
11, 0.10934859963416921
11.5, 0.13366103021730746
12, 0.14808738493147744
12.500000000000004, 0.22688097858427675
13.000000000000004, 0.295578345322252
13.5, 0.3061528155849041
14, 0.2740542421574949
14.5, 0.15983433818774895
15, 0.016673082020252084
15.5, 0.00666575041788442
16, 0.028233245622399372
16.500000000000004, 0.12401564958940958
17.000000000000004, 0.2072232304209629
17.5, 0.2273670210074818
18, 0.21834235067854835
18.5, 0.16449690077614781
19, 0.10803126535681834
19.5, 0.12635042913403238
20, 0.1633356653689168
20.499999999999996, 0.22650851632595204
20.999999999999996, 0.2816197969230192
21.499999999999996, 0.30625167762154437
21.999999999999996, 0.29310991279488957
22.499999999999996, 0.18881732531362544
22.999999999999996, 0.07820640782250582
23.499999999999996, 0.0592435666748668
23.999999999999996, 0.07961645314969545
24.499999999999996, 0.12424107644506349
24.999999999999996, 0.18767522369848344
25.499999999999996, 0.19603573710976824
25.999999999999996, 0.21589045928851786
26.499999999999996, 0.30236063339567476
26.999999999999996, 0.38639105455762296
27.499999999999996, 0.4035303447075694
27.999999999999996, 0.37434589391787665
28.499999999999996, 0.2585179564309186
28.999999999999996, 0.14689871034187874
29.499999999999996, 0.11975388179527696
29.999999999999996, 0.11210674656439479
30.499999999999996, 0.13615124737205492
30.999999999999996, 0.17137630684184002
31.499999999999996, 0.18089877310165697
31.999999999999996, 0.21668022970143136
32.5, 0.2896033807013893
33, 0.3715188192455521
33.5, 0.38374403236514987
34, 0.3450995587570276
34.5, 0.2284792364022003
35, 0.11717546935522416
35.5, 0.08599551892383456
36, 0.07588747170039073
36.5, 0.05548895232427281
36.999999999999986, 0.03776976537272225
37.5, 0.05547713235696189
38, 0.0708094654480999
38.5, 0.06023187147232695
39, 0.03473036021851639
39.5, 0.0213769184775493
40, 0.02466642249038742
40.5, 0.09596548491211754
41, 0.17468107202581162
41.5, 0.20628734141964955
42, 0.1975853183599423
42.5, 0.10849954363968678
43, 0.027640661934742905
43.5, 0.013728972337152756
44, 0.007025713760683949
44.5, 0.007022225869569909
44.999999999999986, 0.012030670134133725
45.5, 0.04153619571041123
46, 0.06861792588635812
46.5, 0.058283831323823976
47, 0.05414249478074584
47.5, -0.025503741081040254
48, -0.07646882466060911
48.5, -0.0668009715648662
49, -0.05289950606038396
49.5, -0.048556505284653606
50, -0.04790366474200347
50.5, -0.05893341540385699
51, -0.07285099321172972
51.5, -0.06478410403292678
52, -0.06061568097383585
52.5, -0.09020667527724824
53, -0.1187797194121275
53.5, -0.12880872075876726
54, -0.10858096032553999
54.5, -0.013028086631761582
55, 0.07696753550433305
55.5, 0.08926055968015767
56, 0.08846509255100177
56.5, 0.048912337098814485
57, 0.010772329967209893
57.5, 0.013233972662080817
58, 0.013104007871641232
58.5, -0.009218978971415326
59, -0.03249466238983467
59.5, -0.026646848206568374
60, -0.010944392370842215
60.5, 0.039419890845977634
61, 0.08696794139247871
61.5, 0.08502801792200382
62, 0.07949527740960372
62.5, 0.00020454374278733312
63, -0.07333475707270398
63.5, -0.09994698727564932
64, -0.1262311150921196
64.5, -0.13073306810832053
65, -0.1346205161610211
65.5, -0.13471824429714196
66, -0.13503047895582476
66.5, -0.12660411536272742
67, -0.12660263074357203
67.5, -0.12057218069228082
68, -0.10572728114951135
68.5, -0.009913707725898724
69, 0.08890438431157494
69.5, 0.11678332628960325
70, 0.10375213800764588
70.5, 0.03649999609033139
71, -0.0512734415147843
71.5, -0.06319218353146894
72, -0.09127413368165826
72.5, -0.18338072437428843
73, -0.27912928945027005
73.50000000000001, -0.29959123712719726
74.00000000000001, -0.26822533370779245
74.50000000000001, -0.1363924666306776
75.00000000000001, -0.010945974465402797
75.50000000000001, 0.019814421668389537
76, -0.003822691060661243
76.5, -0.07073415762997493
77, -0.13510207430786525
77.5, -0.11384522946907127
78, -0.08922553024942348
78.5, -0.13947488017944232
79, -0.19982571497483204
79.5, -0.2438776242380235
80, -0.27739253554845267
80.5, -0.2420043703492908
81, -0.19704358625619078
81.5, -0.1756175725758773
82, -0.15379765896025954
82.5, -0.09810854930412327
83, -0.032935111944503936
83.5, -0.0014704139386946258
84, 0.012793711889291348
84.5, -0.11334617626876597
85, -0.22718277806708242
85.5, -0.24506793580500674
86, -0.2240330525979224
86.5, -0.1678524363774535
87, -0.11629653322126321
87.5, -0.13645241019085685
87.99999999999999, -0.1483172097534644
88.49999999999999, -0.1208858767431602
88.99999999999999, -0.08785404555819099
89.50000000000001, -0.08724952599956437
90.00000000000001, -0.09488064876563196
90.50000000000001, -0.11001654164340324
91.00000000000001, -0.12986439295606256
91.50000000000001, -0.1529190820592068
92, -0.18692597833124713
92.5, -0.24511843229374009
93, -0.30222000542349736
93.5, -0.3152125785793338
94, -0.32286966446194665
94.5, -0.3384107195169025
95, -0.34708113033374655
95.5, -0.3624266689529779
96, -0.3389361122993294
96.5, -0.21243738295001635
97, -0.1030152630990322
97.5, -0.0682486149197159
