1.5, -0.8258184887976743
2, -0.7869914183979256
2.5, -0.7821270070458697
3.0000000000000018, -0.7820943708605839
3.5000000000000018, -0.7806358978050536
4.000000000000002, -0.7761328574026853
4.500000000000002, -0.8999416601671246
5, -1.0507838424494036
5.5, -0.789650286476026
6, -0.46126187332647195
6.500000000000002, -0.3765130456765644
7.000000000000002, -0.39987647687551453
7.500000000000002, -0.3790580287446561
8.000000000000002, -0.3306118898062933
8.500000000000002, -0.4126432102935418
9, -0.5097299244210372
9.5, -0.49865871463785316
10.000000000000004, -0.4710726708856754
10.5, -0.4155278555773232
11, -0.37010067395777124
11.500000000000004, -0.33368772345679876
12, -0.2897658787024122
12.500000000000004, -0.3110108285151645
13, -0.3442001541420905
13.500000000000004, -0.31267976639166495
14, -0.27082646832954893
14.500000000000004, -0.2729429079933068
15.000000000000004, -0.2872161699290827
15.5, -0.2732998350886042
16.000000000000004, -0.25149376283915315
16.5, -0.29645851560843983
17.000000000000004, -0.375144310011025
17.5, -0.5231792626080871
18.000000000000004, -0.6652737986318695
18.500000000000004, -0.7579432298154423
19, -0.8036368277895658
19.500000000000004, -0.7734799709697464
20, -0.697518962925507
20.500000000000004, -0.5280257701636866
21, -0.2894642367027651
21.500000000000004, 0.0620802516821608
22.000000000000004, 0.37167799049271455
22.500000000000004, 0.49155477546884674
23.000000000000004, 0.6536932206020203
23.5, 1.0760139604597874
24.000000000000004, 1.4780222763805166
24.5, 1.4387503205141323
25.000000000000004, 1.3178292079312701
25.500000000000004, 1.3244822581825086
26.00000000000001, 1.3511807204743347
26.500000000000004, 1.3556298789529448
27.000000000000004, 1.3457952471105108
27.500000000000004, 1.3458474084641538
28.00000000000001, 1.3318088368543555
28.500000000000004, 1.2601349160959687
29.000000000000004, 1.0067882616034969
29.50000000000001, 0.3882708779385804
30.00000000000001, -0.27863763791209806
30.500000000000004, -0.6053544961193298
31.000000000000004, -0.7309173041824311
31.50000000000001, -0.7010425148745383
32, -0.6677324564567755
32.5, -0.6920280412933115
33.000000000000014, -0.7121131213477767
33.500000000000014, -0.6797368826135144
34, -0.6557289070590335
34.500000000000014, -0.6903746132600386
35.000000000000014, -0.6588742184132999
35.5, -0.4526486707302002
36, -0.2514615736748862
36.500000000000014, -0.21604101290680955
37.000000000000014, -0.18712396449268365
37.5, -0.17346962782346775
38.000000000000014, -0.16368940583581937
38.500000000000014, -0.16130932767956807
39, -0.13797650277269824
39.5, -0.1039234659460826
40.000000000000014, -0.08221944694280348
40.500000000000014, -0.10411205660883871
41, -0.11195192130701592
41.500000000000014, -0.06542347460314213
42.000000000000014, -0.022449426758747393
42.5, 0.023038696937406122
43, 0.060266375389980364
43.500000000000014, 0.10227041672056192
44.000000000000014, 0.12327091903021614
44.5, 0.09455924139545901
45.000000000000014, 0.06625670921064852
45.500000000000014, 0.0946526958054208
46.000000000000014, 0.10906897730083065
46.5, 0.09531235422462458
47.000000000000014, 0.09821750293246945
47.500000000000014, 0.14657085687524152
48, 0.18439359497365304
48.500000000000014, 0.1428949756111555
49.000000000000014, 0.0941281290826339
49.500000000000014, 0.09418482232961889
50, 0.09437044919556214
50.500000000000014, 0.10822273271501759
51.000000000000014, 0.1716830864148906
51.5, 0.278854969437242
52.000000000000014, 0.3338150124057493
52.500000000000014, 0.2543580642076102
53.000000000000014, 0.2581609358017434
53.5, 0.43846398333345915
54.000000000000014, 0.547480107370657
54.500000000000014, 0.5033923368879196
55, 0.42025605231355634
55.500000000000014, 0.33123922941482764
56.000000000000014, 0.2649248777885247
56.500000000000014, 0.2642113646080304
57, 0.27051392599119417
57.5, 0.31624453157072985
58.000000000000014, 0.3534578226787364
58.5, 0.37555195037306177
59, 0.19953161886879967
59.5, -0.17589711712604306
60.000000000000014, -0.3583252867010489
60.5, -0.2164011978771958
61.000000000000014, -0.09705113498629636
61.500000000000014, -0.002841698671199211
62, 0.036489545806777546
62.500000000000014, -0.006072959291341107
63, 0.007578721755494566
63.5, 0.053835482047719374
64.00000000000001, 0.054273967594754335
64.5, -0.02004060638157723
65, -0.04685504429890841
65.50000000000001, -0.026899754183641544
66, -0.10517333403061713
66.5, -0.34431263827607994
67.00000000000001, -0.48640552366086887
67.5, -0.432440144887694
68.00000000000001, -0.395356125026991
68.50000000000001, -0.4003155667285263
69, -0.3983016350286803
69.50000000000001, -0.3855440542014459
70, -0.3860882569901536
70.5, -0.4053567678946699
71.00000000000001, -0.42497700280775774
71.5, -0.38452545311377095
72, -0.36549992655094643
72.50000000000001, -0.36491728626219455
73, -0.36582581319201735
73.50000000000001, -0.34026352649414093
74.00000000000001, -0.3445813057341778
74.5, -0.372809473841595
75.00000000000001, -0.36536811575233674
75.50000000000001, -0.3167613119464603
76, -0.2875383284605322
76.50000000000001, -0.2794718918986683
77, -0.2732662988254373
77.5, -0.27297368040647285
78.00000000000001, -0.15561151406760487
78.5, 0.047384003190515056
79, 0.18386279069162148
79.50000000000001, 0.23876313891344791
80, 0.5024298039426096
80.50000000000001, 1.0306925727888219
81.00000000000001, 1.3275915199934953
81.5, 1.321228746475994
82.00000000000001, 1.2217717608434908
82.50000000000001, 1.036395869857849
83, 0.9375169226208468
83.50000000000001, 0.8910880920402016
84, 0.7408024728706604
84.5, 0.4597460698657643
85.00000000000001, 0.4822227514932189
85.5, 0.7397911384604936
86.00000000000001, 0.7928968603533413
86.50000000000001, 0.684023999428216
87, 0.5938520032975205
87.50000000000001, 0.5177688548409027
88.00000000000001, 0.41058346555632186
88.5, 0.2332845698629482
89.00000000000001, 0.16481239816561732
89.50000000000001, 0.15824653027762636
90, 0.16524943823116445
90.50000000000001, 0.16505927119712505
91, 0.19462315973376398
91.5, 0.2313535967871334
92.00000000000001, 0.21864313847346928
92.5, 0.17221481645689662
93.00000000000001, 0.18073149768684482
93.50000000000001, 0.21065898642857706
94, 0.16176404547757128
94.50000000000001, 0.06526584206435082
95.00000000000001, 0.06597998535580674
95.5, 0.09955669726587191
96.00000000000001, 0.20922729642929427
96.50000000000001, 0.3541236130931278
97, 0.4057584869089581
97.50000000000001, 0.43744640771151744
