2.0000000000000018, 0.029714974944616168
3.0000000000000018, -0.06918270996675013
4.000000000000002, -0.13186750634035516
5.000000000000002, -0.1321172845257268
6.000000000000005, -0.10162384196231722
7.000000000000002, -0.1678026514562967
8.000000000000002, -0.15925196235872519
9.000000000000002, -0.10740027803283114
10.000000000000002, -0.014175957353292912
11.000000000000002, 0.34688638194860477
12.000000000000005, 0.30228610582505033
13.000000000000005, 0.24087422794457325
14.000000000000005, 0.15121138366823894
15.000000000000005, 0.09728980653496322
16.000000000000007, 0.0469091332037912
17, -0.05999456723705543
18, -0.04367318396783393
19, -0.115172232221332
20.000000000000007, -0.059858039344836245
21.000000000000007, -0.05753482704014723
22, 0.049586334561844136
23, 0.3573309076059017
24.000000000000007, 0.3243986781480048
25.000000000000007, 0.23674042006914342
26.000000000000007, 0.24111920595863912
27.000000000000007, 0.34139435485598013
28.000000000000007, 0.3694828220598936
29.000000000000007, 0.32519500451721317
30.000000000000007, 0.2616319452681606
31.000000000000007, 0.342753589152903
32, 0.3446543591510005
33, 0.2508072507522612
34, 0.1513936351058729
35, -0.4577778830903325
36, -0.3645044885097981
37, -0.10362256502732481
38, -0.10145598845203385
39, -0.20277670317207552
40.00000000000001, -0.152007541778437
41.00000000000001, -0.0502428155852539
42.00000000000001, -0.019278944525983333
43.00000000000001, -0.122109769462452
44.00000000000001, -0.1245871994067329
45.00000000000001, -0.17381483705082656
46.00000000000001, -0.14407964098438097
47.00000000000001, -0.0876928774942285
48.00000000000001, -0.19810587970224391
49.00000000000001, -0.11018509742603144
50.00000000000001, -0.1227613562601142
51.00000000000001, -0.2970935493534381
52, -0.26864779721089627
53, -0.2233395473605453
54, -0.09041524647196653
55, -0.027231393689659766
56, -0.011626411894050559
57, -0.060607895121033595
58, 0.005292647517752602
59, 0.014828967271264704
60, 0.11426155313027864
61, 0.2117402960764414
62, 0.18912182059176885
63, 0.11170502920790337
64.00000000000001, 0.07927313759174814
65.00000000000001, -0.06767709718031312
66.00000000000001, 0.04760544893727947
67.00000000000001, 0.22069751187225428
68.00000000000001, 0.22859648534134536
69.00000000000001, 0.39373350067546653
70.00000000000001, 0.35715556392906467
71.00000000000001, 0.04905645640196754
72.00000000000001, 0.030803484192701402
73.00000000000001, -0.05026297104079869
74.00000000000001, -0.03126746151318471
75.00000000000001, 0.09166258330752908
76.00000000000001, 0.05751033965385033
77.00000000000001, 0.1876381181361204
78.00000000000001, 0.23193704476547516
79.00000000000001, 0.07073858311781644
80.00000000000001, 0.09793058336572358
81, 0.19481284755198858
82, 0.246646885260696
83, 0.228735006828501
84, -0.07163365626543716
85, -0.2742637609327798
86, -0.31347018676483507
87, -0.4097048792574949
88, -0.40604622452701467
89, -0.3434595863750225
90, -0.33256492680408023
91, -0.16160235898554753
92, -0.15527447122297056
93, -0.2376437515357217
94, -0.23479257624617667
95, -0.1471141183599214
96.00000000000001, 0.09067688734072799
97.00000000000001, 0.2014464356007757
1.0471204188481664, 0.04066985645933019
97.90575916230367, 0.1842105263157896
